001 534831.442 3433020.000  32.358
002 534806.155 3433049.494  33.835
003 534778.146 3433081.379  34.996
004 534755.379 3433107.393  36.355
005 534728.029 3433138.259  37.888
006 534710.657 3433156.599  37.676
007 534692.688 3433175.599  36.376
008 534678.373 3433194.467  37.386
009 534662.455 3433213.735  39.509
010 534646.559 3433233.626  39.408
011 534625.974 3433258.693  41.884
012 534604.205 3433285.779  46.176
013 534582.500 3433312.580  52.805
014 534568.067 3433329.870  58.944
015 534552.145 3433349.187  61.099
016 534536.171 3433368.369  62.943
017 534519.257 3433388.473  65.912
018 534488.797 3433425.742  66.571
019 534472.929 3433444.312  64.441
020 534456.693 3433464.270  61.944
021 534440.369 3433483.574  58.556
022 534424.816 3433502.835  56.117
023 534408.614 3433522.124  55.540
024 534393.546 3433540.973  53.736
025 534376.607 3433559.972  50.465
026 534357.458 3433584.042  53.283
027 534344.817 3433599.015  56.807
028 534326.731 3433619.598  58.212
029 534312.204 3433637.229  57.972
030 534295.600 3433655.476  59.284
031 534279.436 3433674.016  57.807
032 534263.654 3433692.190  58.264
033 534246.279 3433711.152  54.293
034 534229.909 3433729.749  50.659
035 534213.386 3433748.732  45.709
036 534195.766 3433767.556  43.143
037 534181.710 3433786.106  40.958
038 534167.568 3433800.929  40.665
039 534147.708 3433824.165  41.729
040 534130.989 3433842.210  43.625
041 534113.756 3433862.392  47.692
042 534098.252 3433880.173  48.901
043 534078.688 3433904.952  51.012
044 534066.155 3433918.106  52.912
045 534048.948 3433936.654  61.099
046 534032.992 3433956.234  69.058
047 534016.022 3433974.415  68.821
048 534000.474 3433993.025  62.242
049 533984.731 3434011.946  58.512
050 533967.702 3434030.812  51.877
051 533952.196 3434050.521  53.602
052 533936.483 3434069.885  54.949
053 533921.595 3434088.602  49.275
054 533905.011 3434108.976  42.605
055 533891.785 3434126.833  41.775
056 533873.835 3434147.862  37.465
057 533859.484 3434164.546  39.194
058 533842.840 3434185.943  36.150
059 533826.630 3434205.801  29.589
060 533811.280 3434225.499  28.578
061 533795.388 3434245.092  26.452
062 533777.216 3434267.153  25.502
063 533764.120 3434283.573  22.844
064 533748.644 3434303.232  22.500
065 533716.967 3434341.843  20.680
066 533701.700 3434361.042  20.664
067 533685.793 3434380.608  20.837
068 533669.980 3434400.325  20.842
069 533654.477 3434419.399  20.611
070 533645.693 3434431.676  18.508
071 533623.058 3434458.597  15.497
072 533607.459 3434477.609  18.342
073 533575.776 3434516.842  22.203
074 533560.542 3434536.028  22.154
075 533545.348 3434555.706  22.089
076 533529.377 3434575.159  22.101
077 533513.553 3434594.088  22.387
078 533497.918 3434613.695  23.956
079 533482.807 3434632.150  27.697
080 533466.695 3434650.754  29.638
081 533441.890 3434685.297  36.456
082 533418.474 3434709.802  33.161
083 533403.099 3434729.590  31.512
084 533387.474 3434747.694  32.815
085 533371.172 3434767.845  32.778
086 533355.213 3434787.219  30.781
087 533339.990 3434805.805  28.115
088 533323.823 3434825.710  26.836
089 533276.116 3434883.429  25.931
090 533260.387 3434903.270  26.562
091 533244.388 3434921.694  27.726
092 533229.185 3434941.693  23.990
093 533208.915 3434966.127  23.246
094 533182.606 3435000.180  28.213
095 533166.905 3435019.504  31.269
096 533151.441 3435039.318  31.475
097 533136.485 3435058.623  25.779
098 533120.433 3435078.426  22.805
099 533105.107 3435097.970  22.073
100 533089.732 3435117.603  24.491
101 533074.456 3435137.166  18.206
102 533056.577 3435159.886  13.652
103 533042.405 3435177.298  18.518
104 533028.092 3435195.728  17.082
105 533013.320 3435215.852  13.358
106 532997.046 3435234.959  15.393
107 532981.476 3435254.674  16.815
108 532966.202 3435274.483  16.715
109 532950.656 3435294.037  16.876
110 532935.415 3435313.783  13.186
111 532919.948 3435333.598  13.797
112 532904.273 3435353.436  14.067
113 532889.752 3435371.325  14.470
114 532873.257 3435391.623  17.750
115 532857.721 3435410.892  17.505
116 532841.750 3435430.123  13.815
117 532825.768 3435451.068  15.859
118 532810.723 3435469.520  16.957
119 532795.130 3435488.949  16.384
120 532785.835 3435501.622  14.115
121 532768.863 3435521.279  14.753
122 532750.616 3435547.929  20.032
123 532728.983 3435573.874  18.754
124 532713.549 3435594.602  19.776
125 532703.033 3435606.687  19.712
126 532664.253 3435656.017  19.978
127 532643.764 3435684.776  19.950
128 532623.399 3435711.131  19.810
129 532574.927 3435772.376  19.401
130 532548.097 3435803.731  19.303
131 532522.674 3435838.443  18.885
132 532504.346 3435860.876  18.800
133 532487.612 3435881.933  18.684
134 532467.564 3435907.221  18.601
135 532448.735 3435929.522  18.526
136 532430.969 3435953.461  18.229
137 532409.813 3435979.635  18.065
138 532378.987 3436020.194  17.655
139 532363.158 3436036.412  18.198
140 532345.483 3436060.108  18.208
141 532326.287 3436084.560  18.208
142 532310.093 3436105.286  18.210
143 532297.637 3436120.327  18.009
144 532285.772 3436135.560  17.902
145 532274.208 3436150.869  18.016
146 532253.577 3436175.953  17.786
147 532223.422 3436213.709  18.416
148 532199.276 3436244.730  17.415
149 532183.726 3436262.202  17.309
150 532171.681 3436276.708  17.337
151 532141.174 3436319.848  17.519
152 532126.885 3436338.075  17.266
153 532102.024 3436371.961  13.683
154 532072.306 3436411.571  12.208
155 532056.750 3436432.570  11.576
156 532041.261 3436450.915  13.884
157 532027.020 3436471.741  14.250
158 532012.583 3436491.473  14.050
159 531997.434 3436511.919  10.461
160 531987.017 3436523.897  11.728
161 531948.185 3436575.753  13.071
162 531937.936 3436591.591  11.962
163 531923.063 3436611.640  12.376
164 531909.275 3436631.689  15.191
165 531893.040 3436651.589  13.305
166 531878.243 3436671.953  15.477
167 531848.804 3436712.185  15.150
168 531815.390 3436756.286  15.773
169 531800.749 3436777.978  16.015
170 531768.933 3436820.568  15.975
171 531748.974 3436851.804  15.734
172 531731.434 3436873.461  15.854
173 531716.442 3436893.627  15.784
174 531702.192 3436912.668  15.743
175 531684.070 3436937.084  15.283
176 531653.066 3436980.582  15.081
177 531617.881 3437029.842  15.126
178 531598.141 3437054.707  15.047
179 531559.367 3437109.435  15.189
180 531499.627 3437190.893  14.652
181 531474.383 3437224.814  15.423
182 531418.158 3437303.097  14.995
183 531363.140 3437377.522  14.945
184 531292.386 3437477.200  16.068
185 531265.394 3437510.284  15.757
186 531247.647 3437536.137  14.631
187 531231.397 3437559.498  14.595
188 531207.214 3437594.484  14.498
189 531187.534 3437620.338  14.346
190 531152.365 3437667.437  14.471
191 531133.843 3437691.087  14.361
192 531095.773 3437747.685  14.680
193 531041.847 3437819.868  14.391
194 531019.279 3437848.653  14.313
195 530993.227 3437887.958  14.161
196 530942.692 3437958.417  13.793
197 530910.181 3438003.382  13.904
198 530874.192 3438052.264  13.869
