  5.000    431.824      1.000
  5.154    424.564      1.000
  5.319    416.841      1.000
  5.494    408.611      0.997
  5.681    399.832      1.000
  5.881    390.854      1.000
  6.096    381.775      1.000
  6.327    369.361      1.000
  6.576    357.616      1.000
  6.846    344.744      0.948
  7.139    330.735      1.000
  7.457    318.522      0.979
  7.806    300.224      1.000
  8.189    286.063      1.000
  8.612    278.164      0.992
  9.080    269.217      1.000
  9.603    262.078      1.000
 10.189    255.903      1.000
 10.852    251.308      1.000
 11.606    247.336      1.000
 12.473    242.771      1.000
 13.481    237.995      1.000
 14.666    231.761      1.000
 16.078    229.999      1.000
 17.792    222.672      1.000
 19.915    220.000      0.553
 22.614    213.613      0.765
 26.158    210.000      0.597
 31.019    206.733      0.528
 38.100    200.000      0.369